1000 150
66
90
38
99
88
45
93
59
26
30
43
51
52
81
52
51
80
47
45
30
28
100
44
80
64
55
100
69
57
57
52
38
47
86
52
50
30
45
24
36
71
47
83
22
43
51
70
22
94
95
49
21
30
73
82
74
43
97
42
96
53
74
34
80
76
82
45
86
42
49
38
29
92
20
31
35
67
97
53
61
27
98
62
37
70
59
26
94
55
48
89
89
37
38
84
93
36
29
95
58
74
48
67
66
64
95
97
31
26
65
72
49
63
49
82
48
89
88
57
43
51
62
47
69
80
31
77
31
56
87
86
45
34
68
26
79
78
22
25
85
84
77
49
46
41
31
74
29
99
31
69
50
89
31
34
84
58
26
96
94
94
81
55
43
48
61
21
42
64
42
26
63
34
55
89
56
82
78
65
81
24
49
46
93
61
76
77
99
82
72
28
75
68
63
34
31
23
35
53
83
58
75
45
72
46
49
43
27
27
24
23
47
53
65
40
29
40
32
44
22
100
52
93
67
30
26
94
49
58
63
32
31
53
73
99
95
38
42
22
61
46
41
88
95
87
43
24
42
55
48
44
54
96
53
36
25
59
46
54
32
89
82
43
57
71
58
52
89
80
70
65
41
91
52
35
93
76
55
35
46
83
75
81
94
27
32
99
67
58
69
95
62
66
38
100
36
76
67
40
71
36
85
92
26
53
42
35
44
78
50
70
76
24
66
86
32
79
100
95
52
68
89
30
50
42
45
82
33
92
22
84
27
22
91
49
71
49
64
95
42
29
81
33
34
46
99
62
40
99
56
73
82
60
83
31
99
27
94
31
34
31
31
41
49
37
86
20
66
50
30
88
75
91
37
89
37
35
66
57
33
37
45
96
78
43
42
76
66
51
22
80
62
33
36
27
67
22
27
32
68
53
36
42
44
53
47
77
68
93
49
98
30
75
28
23
98
66
95
64
98
97
59
59
46
76
66
93
78
89
40
61
42
56
83
82
24
45
58
89
38
87
86
64
77
29
67
91
75
61
70
72
73
28
47
99
84
28
91
77
98
31
37
55
83
36
52
88
61
90
76
95
92
77
58
69
86
40
75
76
81
44
48
54
52
91
68
52
99
59
28
31
86
62
66
68
94
98
71
70
22
46
65
95
38
38
79
23
59
53
80
55
77
43
89
44
33
57
76
31
31
20
43
97
78
24
80
71
38
51
40
56
93
20
66
31
39
44
50
94
93
45
48
85
84
53
45
97
25
20
44
52
36
83
64
94
22
43
80
56
90
36
93
99
36
58
29
71
99
75
64
26
36
28
92
100
77
36
97
82
52
56
33
69
38
77
78
56
35
74
93
25
90
85
23
41
58
48
93
56
38
72
63
54
96
70
54
72
21
66
69
53
21
98
37
55
90
31
26
25
85
99
46
90
99
65
30
73
28
38
28
46
91
87
81
21
72
50
74
73
96
58
42
32
56
59
83
45
86
89
66
70
23
92
59
37
72
86
90
80
23
34
42
94
36
38
31
89
68
85
77
79
58
99
26
94
74
24
39
59
28
20
45
31
93
100
49
80
85
54
60
89
68
82
98
85
35
28
73
83
28
49
77
67
64
83
76
37
22
30
92
30
31
36
58
23
36
22
83
36
56
58
40
24
55
38
89
70
62
77
68
87
41
44
69
85
42
44
37
44
55
29
55
66
61
93
85
93
95
83
29
66
41
49
70
92
83
74
62
61
66
45
47
88
70
96
88
92
39
41
52
90
66
22
55
26
95
39
100
24
38
44
70
59
89
56
66
72
29
43
32
76
69
75
79
38
86
82
45
24
22
93
95
68
95
65
91
89
20
90
28
38
33
79
93
21
34
58
89
59
82
36
50
50
26
44
84
92
26
44
97
44
37
26
28
31
71
99
36
87
23
44
24
52
38
97
69
68
55
74
27
52
90
57
82
97
82
81
23
23
24
100
63
41
41
71
53
28
85
69
95
88
28
100
55
47
31
24
95
66
78
21
98
83
75
95
95
72
75
99
91
80
33
53
36
71
24
69
79
24
53
89
28
62
23
63
24
35
83
99
81
76
36
95
59
26
24
69
78
80
83
68
75
97
20
91
83
40
76
61
45
44
65
53
21
69
31
25
84
95
40
80
70
56
90
44
62
95
29
55
90
92
38
64
23
38
70
86
75
61
62
35
86
27
84
87
76
95
28
59
24
48
54
91
84
44
34
61
38
59
31
27
51
49
87
70
67
72
56
57
33
98
72
34
40
55
36
96
66
44
70
